Archivo con resultados de Pruebas: Multiplicación de Matrices CPU - GPU

* Matriz [CPU, GPU]

N = 10 - 100 - 500- 1000 - 1500 
CPU = [0.000004 0.000006 0.000005 0.000009; 0.003024 0.003671 0.003433 0.003813; 0.367524 0.362220 0.363154 0.365044; 2.921176 3.184122 3.090197 2.916863; 14.698782 14.342276 14.757960 15.048220]

GPU = [0.000062 0.000061 0.000063 0.000063; 0.000134 0.000127 0.000128 0.000126; 0.003069 0.003071 0.003072 0.003065; 0.019922 0.019958 0.020026 0.019956; 0.065490 0.065575 0.065537 0.065630] 